9.974000000000000199e+00 1.473285556476482448e-72
9.991909909909910681e+00 1.131641688190333726e-71
1.000981981981981939e+01 8.586370704767995157e-71
1.002772972972972987e+01 6.435599678504559110e-70
1.004563963963964035e+01 4.764826572058478262e-69
1.006354954954954906e+01 3.484848197866348320e-68
1.008145945945945954e+01 2.517672993851402987e-67
1.009936936936937002e+01 1.796774056046612932e-66
1.011727927927927873e+01 1.266678224952007285e-65
1.013518918918918921e+01 8.821000191267379413e-65
1.015309909909909969e+01 6.068034596023121804e-64
1.017100900900900839e+01 4.123414130583136028e-63
1.018891891891891888e+01 2.767862753924834552e-62
1.020682882882882936e+01 1.835315947311085838e-61
1.022473873873873984e+01 1.202142122677950314e-60
1.024264864864864855e+01 7.778206729303190063e-60
1.026055855855855903e+01 4.971435833595908327e-59
1.027846846846846951e+01 3.138794515118063105e-58
1.029637837837837822e+01 1.957593984136536460e-57
1.031428828828828870e+01 1.206038157128435876e-56
1.033219819819819918e+01 7.339697566325578947e-56
1.035010810810810788e+01 4.412390814076074654e-55
1.036801801801801837e+01 2.620284624488740935e-54
1.038592792792792885e+01 1.537098345693820158e-53
1.040383783783783755e+01 8.907042649321977419e-53
1.042174774774774804e+01 5.098519662741091729e-52
1.043965765765765852e+01 2.882925072688795641e-51
1.045756756756756722e+01 1.610279640161259278e-50
1.047547747747747771e+01 8.884805778262771290e-50
1.049338738738738819e+01 4.842540541029583711e-49
1.051129729729729689e+01 2.607217616617942887e-48
1.052920720720720738e+01 1.386628073476881100e-47
1.054711711711711786e+01 7.284862941415240339e-47
1.056502702702702656e+01 3.780606459027668145e-46
1.058293693693693704e+01 1.938118150095561647e-45
1.060084684684684753e+01 9.814715503273504008e-45
1.061875675675675623e+01 4.909687745406090976e-44
1.063666666666666671e+01 2.426100116503838416e-43
1.065457657657657720e+01 1.184246896759016366e-42
1.067248648648648590e+01 5.710241579316590035e-42
1.069039639639639638e+01 2.719852789405619733e-41
1.070830630630630687e+01 1.279720141579343862e-40
1.072621621621621557e+01 5.947895121521949998e-40
1.074412612612612605e+01 2.730802480898081803e-39
1.076203603603603653e+01 1.238499870190199680e-38
1.077994594594594702e+01 5.548560579818706953e-38
1.079785585585585572e+01 2.455519507933734213e-37
1.081576576576576620e+01 1.073458193951101199e-36
1.083367567567567491e+01 4.635595921421964859e-36
1.085158558558558539e+01 1.977446301028735703e-35
1.086949549549549587e+01 8.332638009805056425e-35
1.088740540540540636e+01 3.468478622171389964e-34
1.090531531531531506e+01 1.426179595808286809e-33
1.092322522522522554e+01 5.792794277118864746e-33
1.094113513513513603e+01 2.324238453310088980e-32
1.095904504504504473e+01 9.211957989987482045e-32
1.097695495495495521e+01 3.606632612441662960e-31
1.099486486486486569e+01 1.394859780840146354e-30
1.101277477477477440e+01 5.328903904616998066e-30
1.103068468468468488e+01 2.011054848100231476e-29
1.104859459459459536e+01 7.497019355007546867e-29
1.106650450450450407e+01 2.760781516770562379e-28
1.108441441441441455e+01 1.004278430958233426e-27
1.110232432432432503e+01 3.608734421088245197e-27
1.112023423423423374e+01 1.280956549882652850e-26
1.113814414414414422e+01 4.491512010691605795e-26
1.115605405405405470e+01 1.555712789357079862e-25
1.117396396396396341e+01 5.322859080923265759e-25
1.119187387387387389e+01 1.799033313026408118e-24
1.120978378378378437e+01 6.006370694385286488e-24
1.122769369369369485e+01 1.980905458143959981e-23
1.124560360360360356e+01 6.453481290181779377e-23
1.126351351351351404e+01 2.076840058446705251e-22
1.128142342342342275e+01 6.602231352228354975e-22
1.129933333333333323e+01 2.073275975541165741e-21
1.131724324324324371e+01 6.431350547500321697e-21
1.133515315315315419e+01 1.970724603437676001e-20
1.135306306306306290e+01 5.965246371071882997e-20
1.137097297297297338e+01 1.783649522301291148e-19
1.138888288288288209e+01 5.268286060442166664e-19
1.140679279279279257e+01 1.537120324889022858e-18
1.142470270270270305e+01 4.430217739867731798e-18
1.144261261261261353e+01 1.261307471827693777e-17
1.146052252252252224e+01 3.547280692543346773e-17
1.147843243243243272e+01 9.854823075008732397e-17
1.149634234234234320e+01 2.704461469246002114e-16
1.151425225225225191e+01 7.331476638166866702e-16
1.153216216216216239e+01 1.963273486863380388e-15
1.155007207207207287e+01 5.193364899151657750e-15
1.156798198198198158e+01 1.357049111273643773e-14
1.158589189189189206e+01 3.502845494208941541e-14
1.160380180180180254e+01 8.931514101260275570e-14
1.162171171171171125e+01 2.249613372134574942e-13
1.163962162162162173e+01 5.597181261566102292e-13
1.165753153153153221e+01 1.375655054326333113e-12
1.167544144144144092e+01 3.339861171422147532e-12
1.169335135135135140e+01 8.009879293258325935e-12
1.171126126126126188e+01 1.897589279238293907e-11
1.172917117117117058e+01 4.440758489292205147e-11
1.174708108108108107e+01 1.026575230666714512e-10
1.176499099099099155e+01 2.344245537589447145e-10
1.178290090090090203e+01 5.288032365703286821e-10
1.180081081081081074e+01 1.178321497897965301e-09
1.181872072072072122e+01 2.593654885341732071e-09
1.183663063063062992e+01 5.639482645208921984e-09
1.185454054054054041e+01 1.211281351851981699e-08
1.187245045045045089e+01 2.569978486142276894e-08
1.189036036036036137e+01 5.386325993209267458e-08
1.190827027027027007e+01 1.115153035855047389e-07
1.192618018018018056e+01 2.280630865493499311e-07
1.194409009009008926e+01 4.607381925772947636e-07
1.196199999999999974e+01 9.194584764897314542e-07
1.197990990990991023e+01 1.812544665911498439e-06
1.199781981981982071e+01 3.529587918199662243e-06
1.201572972972972941e+01 6.789502941279277288e-06
1.203363963963963990e+01 1.290121602686819494e-05
1.205154954954954860e+01 2.421597747860687681e-05
1.206945945945945908e+01 4.490059030378210628e-05
1.208736936936936956e+01 8.223956174349291825e-05
1.210527927927928005e+01 1.487949575771202438e-04
1.212318918918918875e+01 2.659342844627278469e-04
1.214109909909909923e+01 4.695038275814642078e-04
1.215900900900900972e+01 8.188090493613527738e-04
1.217691891891891842e+01 1.410603056036216756e-03
1.219482882882882890e+01 2.400522036074020493e-03
1.221273873873873939e+01 4.035387678784989676e-03
1.223064864864864987e+01 6.701060211553971392e-03
1.224855855855855857e+01 1.099209484095667495e-02
1.226646846846846906e+01 1.781131988483391701e-02
1.228437837837837776e+01 2.850955444574908293e-02
1.230228828828828824e+01 4.507787622295138241e-02
1.232019819819819872e+01 7.040688872985158275e-02
1.233810810810810921e+01 1.086289420584815313e-01
1.235601801801801791e+01 1.655597022060753820e-01
1.237392792792792839e+01 2.492541587623043065e-01
1.239183783783783710e+01 3.706883009679267649e-01
1.240974774774774758e+01 5.445704059276805786e-01
1.242765765765765806e+01 7.902743441219928222e-01
1.244556756756756855e+01 1.132870895767215114e+00
1.246347747747747725e+01 1.604211577248818577e+00
1.248138738738738773e+01 2.243993335867412675e+00
1.249929729729729644e+01 3.100702999941054472e+00
1.251720720720720692e+01 4.232309956148323948e+00
1.253511711711711740e+01 5.706547711157125669e+00
1.255302702702702788e+01 7.600604408990282224e+00
1.257093693693693659e+01 1.000003444366153538e+01
1.258884684684684707e+01 1.299671371040383860e+01
1.260675675675675755e+01 1.668569493393713543e+01
1.262466666666666626e+01 2.116088055033487692e+01
1.264257657657657674e+01 2.650951988512707302e+01
1.266048648648648722e+01 3.280565239767803121e+01
1.267839639639639593e+01 4.010275282543906883e+01
1.269630630630630641e+01 4.842597595871706062e+01
1.271421621621621689e+01 5.776453327482864353e+01
1.273212612612612560e+01 6.806484271533031460e+01
1.275003603603603608e+01 7.922515761687118641e+01
1.276794594594594656e+01 9.109238404941119427e+01
1.278585585585585704e+01 1.034617250062707967e+02
1.280376576576576575e+01 1.160796397673492493e+02
1.282167567567567623e+01 1.286503814603036915e+02
1.283958558558558494e+01 1.408460899156060293e+02
1.285749549549549542e+01 1.523200948448738359e+02
1.287540540540540590e+01 1.627227585716708234e+02
1.289331531531531638e+01 1.717188947983153469e+02
1.291122522522522509e+01 1.790055767567195630e+02
1.292913513513513557e+01 1.843290258155571166e+02
1.294704504504504428e+01 1.874992713895157124e+02
1.296495495495495476e+01 1.884014023123320101e+02
1.298286486486486524e+01 1.870024806377051902e+02
1.300077477477477572e+01 1.833535378515404375e+02
1.301868468468468443e+01 1.775864848076824103e+02
1.303659459459459491e+01 1.699061962816177527e+02
1.305450450450450361e+01 1.605784324123331146e+02
1.307241441441441410e+01 1.499145897235811731e+02
1.309032432432432458e+01 1.382545003881921275e+02
1.310823423423423506e+01 1.259485998033122627e+02
1.312614414414414377e+01 1.133407547418310202e+02
1.314405405405405425e+01 1.007528980213277379e+02
1.316196396396396473e+01 8.847237451298303768e+01
1.317987387387387344e+01 7.674260022414620153e+01
1.319778378378378392e+01 6.575730816186140260e+01
1.321569369369369440e+01 5.565833792157361870e+01
1.323360360360360310e+01 4.653665138923216915e+01
1.325151351351351359e+01 3.843604705381805786e+01
1.326942342342342407e+01 3.135891247424173400e+01
1.328733333333333277e+01 2.527330040529699318e+01
1.330524324324324326e+01 2.012063191162060605e+01
1.332315315315315374e+01 1.582340568146073778e+01
1.334106306306306422e+01 1.229240892511151273e+01
1.335897297297297293e+01 9.433062802430040250e+00
1.337688288288288341e+01 7.150676691427938714e+00
1.339479279279279211e+01 5.354516349707986400e+00
1.341270270270270260e+01 3.960700886495200468e+00
1.343061261261261308e+01 2.894026690597108598e+00
1.344852252252252356e+01 2.088871423944448580e+00
1.346643243243243226e+01 1.489359621322166927e+00
1.348434234234234275e+01 1.048977401127551001e+00
1.350225225225225145e+01 7.298126366740649296e-01
1.352016216216216193e+01 5.015743474078752095e-01
1.353807207207207242e+01 3.405163334742934422e-01
1.355598198198198290e+01 2.283596058917689575e-01
1.357389189189189160e+01 1.512792516264398202e-01
1.359180180180180209e+01 9.899616116176590541e-02
1.360971171171171079e+01 6.399364385973559111e-02
1.362762162162162127e+01 4.086364070760662576e-02
1.364553153153153175e+01 2.577669985913561002e-02
1.366344144144144224e+01 1.606343229844325177e-02
1.368135135135135094e+01 9.891975767487556914e-03
1.369926126126126142e+01 6.025218126673298306e-03
1.371717117117117191e+01 3.642415001287456662e-03
1.373508108108108061e+01 2.211787440732899609e-03
1.375299099099099109e+01 1.403299653539319880e-03
1.377090090090090158e+01 1.033892078029569148e-03
1.378881081081081028e+01 1.040980012352748542e-03
1.380672072072072076e+01 1.484217569647132981e-03
1.382463063063063125e+01 2.580748840449593497e-03
1.384254054054053995e+01 4.785955205500648339e-03
1.386045045045045043e+01 8.940683847679988319e-03
1.387836036036036091e+01 1.651770115157255581e-02
1.389627027027027140e+01 3.001500639161873429e-02
1.391418018018018010e+01 5.356144477627963751e-02
1.393209009009009058e+01 9.381952872111098962e-02
1.394999999999999929e+01 1.612886951420607062e-01
1.396790990990990977e+01 2.721244595292594548e-01
1.398581981981982025e+01 4.505876492721740956e-01
1.400372972972973074e+01 7.322132565414233296e-01
1.402163963963963944e+01 1.167728982787517023e+00
1.403954954954954992e+01 1.827648061791380174e+00
1.405745945945945863e+01 2.807301648963634211e+00
1.407536936936936911e+01 4.231862801809238128e+00
1.409327927927927959e+01 6.260659181075081570e+00
1.411118918918919007e+01 9.089804201394953154e+00
1.412909909909909878e+01 1.295194458274996840e+01
1.414700900900900926e+01 1.811179147831051495e+01
1.416491891891891797e+01 2.485614788960001320e+01
1.418282882882882845e+01 3.347743856614898306e+01
1.420073873873873893e+01 4.425033898846884739e+01
1.421864864864864941e+01 5.740199217170421520e+01
1.423655855855855989e+01 7.307743763326305952e+01
1.425446846846846860e+01 9.130312444484675893e+01
1.427237837837837731e+01 1.119525399002058776e+02
1.429028828828828779e+01 1.347188122375703756e+02
1.430819819819819827e+01 1.590993927815238749e+02
1.432610810810810875e+01 1.843973951739456254e+02
1.434401801801801923e+01 2.097427821080507897e+02
1.436192792792792794e+01 2.341344123439424436e+02
1.437983783783783664e+01 2.565012333450700908e+02
1.439774774774774713e+01 2.757780195838650457e+02
1.441565765765765761e+01 2.909884975338370054e+02
1.443356756756756809e+01 3.013269519307073665e+02
1.445147747747747857e+01 3.062288600394321634e+02
1.446938738738738728e+01 3.054219457621945253e+02
1.448729729729729776e+01 2.989512297904172442e+02
1.450520720720720647e+01 2.871748691101022359e+02
1.452311711711711695e+01 2.707313208129969553e+02
1.454102702702702743e+01 2.504820189173070162e+02
1.455893693693693791e+01 2.274367238731803695e+02
1.457684684684684662e+01 2.026705329307990837e+02
1.459475675675675710e+01 1.772419873025945094e+02
1.461266666666666580e+01 1.521207980054664120e+02
1.463057657657657629e+01 1.281316922353726966e+02
1.464848648648648677e+01 1.059181804774967190e+02
1.466639639639639725e+01 8.592715723310310239e+01
1.468430630630630596e+01 6.841264148364891184e+01
1.470221621621621644e+01 5.345499057766143380e+01
1.472012612612612514e+01 4.099077581721099506e+01
1.473803603603603563e+01 3.084821234335398188e+01
1.475594594594594611e+01 2.278346888427751438e+01
1.477385585585585659e+01 1.651412916731170810e+01
1.479176576576576707e+01 1.174728456159414058e+01
1.480967567567567578e+01 8.200971142943409120e+00
1.482758558558558448e+01 5.618741617731603633e+00
1.484549549549549496e+01 3.777972752724550354e+00
1.486340540540540545e+01 2.493013121887311723e+00
1.488131531531531593e+01 1.614493460242491629e+00
1.489922522522522641e+01 1.026110185860020563e+00
1.491713513513513512e+01 6.400261079036874134e-01
1.493504504504504382e+01 3.917846028106201084e-01
1.495295495495495430e+01 2.353656175934353556e-01
1.497086486486486478e+01 1.387665083519774856e-01
1.498877477477477527e+01 8.029200133045943932e-02
1.500668468468468575e+01 4.559381033989233500e-02
1.502459459459459445e+01 2.540887731683493661e-02
1.504250450450450494e+01 1.389667967912525982e-02
1.506041441441441364e+01 7.459034237529172350e-03
1.507832432432432412e+01 3.929163824783424991e-03
1.509623423423423461e+01 2.031251298702908738e-03
1.511414414414414509e+01 1.030559705854397186e-03
1.513205405405405379e+01 5.131314605904569457e-04
1.514996396396396428e+01 2.507437460921562041e-04
1.516787387387387298e+01 1.202479164639310192e-04
1.518578378378378346e+01 5.659407852487249093e-05
1.520369369369369394e+01 2.614029044919856382e-05
1.522160360360360443e+01 1.184938491482241025e-05
1.523951351351351491e+01 5.271414763975543434e-06
1.525742342342342361e+01 2.301465943299152266e-06
1.527533333333333232e+01 9.861157595399196190e-07
1.529324324324324280e+01 4.146648558689499954e-07
1.531115315315315328e+01 1.711246376395618077e-07
1.532906306306306377e+01 6.930647914075734363e-08
1.534697297297297425e+01 2.754743167855393185e-08
1.536488288288288295e+01 1.074569167754126558e-08
1.538279279279279166e+01 4.113709492480276103e-09
1.540070270270270214e+01 1.545535002224115041e-09
1.541861261261261262e+01 5.698624673919171851e-10
1.543652252252252310e+01 2.062088242364556762e-10
1.545443243243243359e+01 7.323023378113626370e-11
1.547234234234234229e+01 2.552228640803829990e-11
1.549025225225225100e+01 8.729607513773641025e-12
1.550816216216216148e+01 2.930325342489171601e-12
1.552607207207207196e+01 9.653458785388928904e-13
1.554398198198198244e+01 3.121016288322171425e-13
1.556189189189189293e+01 9.902733839596525559e-14
1.557980180180180163e+01 3.083615077430230993e-14
1.559771171171171211e+01 9.423477486046941778e-15
1.561562162162162082e+01 2.826234651887978168e-15
1.563353153153153130e+01 8.318618723318655691e-16
1.565144144144144178e+01 2.402924936599549793e-16
1.566935135135135226e+01 6.812008360093443510e-17
1.568726126126126097e+01 1.895204692251168080e-17
1.570517117117117145e+01 5.174674734120196366e-18
1.572308108108108016e+01 1.386615251273853852e-18
1.574099099099099064e+01 3.646488696581876386e-19
1.575890090090090112e+01 9.411086246389261929e-20
1.577681081081081160e+01 2.383694629570433512e-20
1.579472072072072208e+01 5.925260729182783126e-21
1.581263063063063079e+01 1.445474037035866059e-21
1.583054054054053950e+01 3.460661395824492802e-22
1.584845045045044998e+01 8.131186157438446617e-23
1.586636036036036046e+01 1.874971550640943825e-23
1.588427027027027094e+01 4.243082184122037088e-24
1.590218018018018142e+01 9.423542372411877324e-25
1.592009009009009013e+01 2.053964411613530666e-25
1.593799999999999883e+01 4.393570747147676553e-26
1.595590990990990932e+01 9.223342080783261602e-27
1.597381981981981980e+01 1.900224841983970043e-27
1.599172972972973028e+01 3.842091020820616328e-28
1.600963963963964076e+01 7.623884178695162347e-29
1.602754954954954769e+01 1.484673351237302808e-29
1.604545945945945817e+01 2.837471574738887652e-30
1.606336936936936866e+01 5.322039683440187688e-31
1.608127927927927914e+01 9.796494077569648266e-32
1.609918918918918962e+01 1.769739053738989539e-32
1.611709909909910010e+01 3.137572516659904431e-33
1.613500900900901058e+01 5.459140785404307168e-34
1.615291891891892107e+01 9.321823212194248424e-35
1.617082882882882799e+01 1.562159177677914109e-35
1.618873873873873848e+01 2.569518606586343111e-36
1.620664864864864896e+01 4.163995784682396116e-37
1.622455855855855944e+01 7.396683849222521500e-38
1.624246846846846637e+01 4.942563528926304157e-38
1.626037837837837685e+01 1.848108245218842661e-37
1.627828828828828733e+01 8.453868381106750757e-37
1.629619819819819782e+01 3.846844403798643462e-36
1.631410810810810830e+01 1.728010967040169104e-35
1.633201801801801878e+01 7.660771359834797196e-35
1.634992792792792926e+01 3.351807981427789590e-34
1.636783783783783974e+01 1.447325693088383078e-33
1.638574774774774667e+01 6.167851661580784043e-33
1.640365765765765715e+01 2.594072298749284471e-32
1.642156756756756764e+01 1.076739732369785912e-31
1.643947747747747812e+01 4.410825832871327684e-31
1.645738738738738860e+01 1.783239136980609117e-30
1.647529729729729553e+01 7.115079746234932534e-30
1.649320720720720601e+01 2.801756991188806748e-29
1.651111711711711649e+01 1.088833975258733616e-28
1.652902702702702697e+01 4.176123857434339896e-28
1.654693693693693746e+01 1.580758715027348157e-27
1.656484684684684794e+01 5.905250244749690161e-27
1.658275675675675842e+01 2.177165957640621358e-26
1.660066666666666890e+01 7.921825489631430606e-26
1.661857657657657583e+01 2.844719923386667937e-25
1.663648648648648631e+01 1.008171149125441600e-24
1.665439639639639680e+01 3.526220963467754994e-24
1.667230630630630728e+01 1.217209373825537494e-23
1.669021621621621421e+01 4.146689917548546606e-23
1.670812612612612469e+01 1.394178370074254844e-22
1.672603603603603517e+01 4.626106511442364009e-22
1.674394594594594565e+01 1.514932986692700941e-21
1.676185585585585613e+01 4.896116284501998931e-21
1.677976576576576662e+01 1.561674550399162528e-20
1.679767567567567710e+01 4.915977078667176552e-20
1.681558558558558758e+01 1.527248379166366102e-19
1.683349549549549451e+01 4.682631732154068833e-19
1.685140540540540499e+01 1.416937982114900184e-18
1.686931531531531547e+01 4.231478977371110882e-18
1.688722522522522596e+01 1.247136644935015013e-17
1.690513513513513644e+01 3.627575002456590101e-17
1.692304504504504337e+01 1.041356106191676590e-16
1.694095495495495385e+01 2.950275974781522235e-16
1.695886486486486433e+01 8.249099169866524564e-16
1.697677477477477481e+01 2.276307419745688773e-15
1.699468468468468529e+01 6.199202322838118614e-15
1.701259459459459578e+01 1.666177304541734884e-14
1.703050450450450626e+01 4.419642343023501644e-14
1.704841441441441319e+01 1.157000493667749197e-13
1.706632432432432367e+01 2.989237831914685923e-13
1.708423423423423415e+01 7.621981725616341027e-13
1.710214414414414463e+01 1.918031978019759733e-12
1.712005405405405511e+01 4.763479398608852928e-12
1.713796396396396204e+01 1.167543972996343630e-11
1.715587387387387253e+01 2.824247211338687103e-11
1.717378378378378301e+01 6.742371500620767116e-11
1.719169369369369349e+01 1.588558289295285520e-10
1.720960360360360397e+01 3.693806484040719205e-10
1.722751351351351445e+01 8.476676920735011666e-10
1.724542342342342494e+01 1.919807259691390501e-09
1.726333333333333542e+01 4.291114823337184130e-09
1.728124324324324235e+01 9.465926960437334430e-09
1.729915315315315283e+01 2.060803910603941691e-08
1.731706306306306331e+01 4.427827546623873048e-08
1.733497297297297379e+01 9.389127423726396533e-08
1.735288288288288072e+01 1.964899199336452212e-07
1.737079279279279120e+01 4.058222230651517436e-07
1.738870270270270169e+01 8.272025847001971906e-07
1.740661261261261217e+01 1.664057953596706679e-06
1.742452252252252265e+01 3.303737394156043518e-06
1.744243243243243313e+01 6.473260703724117236e-06
1.746034234234234361e+01 1.251760331316897870e-05
1.747825225225225410e+01 2.388909943769673889e-05
1.749616216216216102e+01 4.499444292221458090e-05
1.751407207207207151e+01 8.363700786909464356e-05
1.753198198198198199e+01 1.534329386541643549e-04
1.754989189189189247e+01 2.777916746582985170e-04
1.756780180180180295e+01 4.963640918610629253e-04
1.758571171171170988e+01 8.753102085149684413e-04
1.760362162162162036e+01 1.523365579030270395e-03
1.762153153153153085e+01 2.616536457800493296e-03
1.763944144144144133e+01 4.435370971392038099e-03
1.765735135135135181e+01 7.420165918986898132e-03
1.767526126126126229e+01 1.225117632301559942e-02
1.769317117117117277e+01 1.996284669863595054e-02
1.771108108108108325e+01 3.210315090618547085e-02
1.772899099099099018e+01 5.095107554503544578e-02
1.774690090090090067e+01 7.980673788154596382e-02
1.776481081081081115e+01 1.233690639975230235e-01
1.778272072072072163e+01 1.882146773342383284e-01
1.780063063063062856e+01 2.833878410268109715e-01
1.781854054054053904e+01 4.211040758230457093e-01
1.783645045045044952e+01 6.175586150667523588e-01
1.785436036036036000e+01 8.938145736349726311e-01
1.787227027027027049e+01 1.276724480442193332e+00
1.789018018018018097e+01 1.799813260963373240e+00
1.790809009009009145e+01 2.504022438219805302e+00
1.792600000000000193e+01 3.438186987904028769e+00
1.794390990990990886e+01 4.659091887974730284e+00
1.796181981981981934e+01 6.230939960846427539e+00
1.797972972972972983e+01 8.224061789198742645e+00
1.799763963963964031e+01 1.071271793098615355e+01
1.801554954954954724e+01 1.377188801472617286e+01
1.803345945945945772e+01 1.747301310155023302e+01
1.805136936936936820e+01 2.187875624684078701e+01
1.806927927927927868e+01 2.703696658787403351e+01
1.808718918918918916e+01 3.297416495434352868e+01
1.810509909909909965e+01 3.968899988253455291e+01
1.812300900900901013e+01 4.714623447375614518e+01
1.814091891891892061e+01 5.527189765341179140e+01
1.815882882882883109e+01 6.395024999002853150e+01
1.817673873873873802e+01 7.302316037215244648e+01
1.819464864864864850e+01 8.229235871111023926e+01
1.821255855855855899e+01 9.152482421449543892e+01
1.823046846846846591e+01 1.004613022906244595e+02
1.824837837837837640e+01 1.088276399718008633e+02
1.826628828828828688e+01 1.163483224939150062e+02
1.828419819819819736e+01 1.227613196000270079e+02
1.830210810810810784e+01 1.278331461328184417e+02
1.832001801801801832e+01 1.313729385454172700e+02
1.833792792792792881e+01 1.332443671070269886e+02
1.835583783783783929e+01 1.333743480800714849e+02
1.837374774774774977e+01 1.317577798546395798e+02
1.839165765765766025e+01 1.284578752140741074e+02
1.840956756756756718e+01 1.236020595670476467e+02
1.842747747747747766e+01 1.173738061486005506e+02
1.844538738738738815e+01 1.100011374018332191e+02
1.846329729729729507e+01 1.017427965927292490e+02
1.848120720720720556e+01 9.287325637103262466e+01
1.849911711711711604e+01 8.366776790315678625e+01
1.851702702702702652e+01 7.438856825670698925e+01
1.853493693693693700e+01 6.527317293619546490e+01
1.855284684684684748e+01 5.652541452832187474e+01
1.857075675675675797e+01 4.830958367654473307e+01
1.858866666666666845e+01 4.074772260985058381e+01
1.860657657657657893e+01 3.391984777292473296e+01
1.862448648648648586e+01 2.786666234365770478e+01
1.864239639639639634e+01 2.259417683389901654e+01
1.866030630630630682e+01 1.807959088737911912e+01
1.867821621621621375e+01 1.427779629752420831e+01
1.869612612612612423e+01 1.112792709125270285e+01
1.871403603603603472e+01 8.559489605138008272e+00
1.873194594594594520e+01 6.497734672352585505e+00
1.874985585585585568e+01 4.868067431303305881e+00
1.876776576576576616e+01 3.599413196192512210e+00
1.878567567567567664e+01 2.626560029894707160e+00
1.880358558558558713e+01 1.891574561374822050e+00
1.882149549549549761e+01 1.344435915937230774e+00
1.883940540540540454e+01 9.430555044263727593e-01
1.885731531531531502e+01 6.528522571872422686e-01
1.887522522522522550e+01 4.460392459806696852e-01
1.889313513513513598e+01 3.007542293174867432e-01
1.891104504504504291e+01 2.001386291922538363e-01
1.892895495495495339e+01 1.314409246971004197e-01
1.894686486486486388e+01 8.519435081380574704e-02
1.896477477477477436e+01 5.449686220572003137e-02
1.898268468468468484e+01 3.440429827200890828e-02
1.900059459459459532e+01 2.143553948704702422e-02
1.901850450450450580e+01 1.318064428631330297e-02
1.903641441441441629e+01 7.998699261530611143e-03
1.905432432432432677e+01 4.790519411366594461e-03
1.907223423423423370e+01 2.831563774460949846e-03
1.909014414414414418e+01 1.651773894940751107e-03
1.910805405405405466e+01 9.509449052249298534e-04
1.912596396396396159e+01 5.403070336599359114e-04
1.914387387387387207e+01 3.029747206133968787e-04
1.916178378378378255e+01 1.676689611488824290e-04
1.917969369369369304e+01 9.157553425185700421e-05
1.919760360360360352e+01 4.936131914998184359e-05
1.921551351351351400e+01 2.625878146030511835e-05
1.923342342342342448e+01 1.378614759218279890e-05
1.925133333333333496e+01 7.143185986591818796e-06
1.926924324324324544e+01 3.652769912315349211e-06
1.928715315315315237e+01 1.843474210496024242e-06
1.930506306306306286e+01 9.182285241324178022e-07
1.932297297297297334e+01 4.514740004006373825e-07
1.934088288288288027e+01 2.192866764115877213e-07
1.935879279279279075e+01 1.055962462128103117e-07
1.937670270270270123e+01 5.126116443564474555e-08
1.939461261261261171e+01 2.693760129840300511e-08
1.941252252252252219e+01 1.904777024343154400e-08
1.943043243243243268e+01 2.304857798457791357e-08
1.944834234234234316e+01 4.110393662642233084e-08
1.946625225225225364e+01 8.312282533348936149e-08
1.948416216216216412e+01 1.715948927814445931e-07
1.950207207207207460e+01 3.522754912167358563e-07
1.951998198198198153e+01 7.151232219848544175e-07
1.953789189189189202e+01 1.433761475498358875e-06
1.955580180180180250e+01 2.838316108974408899e-06
1.957371171171170943e+01 5.547655059842593625e-06
1.959162162162161991e+01 1.070577605993919323e-05
1.960953153153153039e+01 2.039791927838730394e-05
1.962744144144144087e+01 3.837181847026479122e-05
1.964535135135135135e+01 7.126850487466721560e-05
1.966326126126126184e+01 1.306897898615079815e-04
1.968117117117117232e+01 2.366161668040575312e-04
1.969908108108108280e+01 4.229664420384866949e-04
1.971699099099099328e+01 7.464937091200829489e-04
1.973490090090090021e+01 1.300783846016567149e-03
1.975281081081081069e+01 2.237911254089084388e-03
1.977072072072072118e+01 3.801362868546377151e-03
1.978863063063062810e+01 6.375210642266090216e-03
1.980654054054053859e+01 1.055622144043006673e-02
1.982445045045044907e+01 1.725763135598145856e-02
1.984236036036035955e+01 2.785560696498548885e-02
1.986027027027027003e+01 4.439180529648607820e-02
1.987818018018018051e+01 6.984763898608693788e-02
1.989609009009009100e+01 1.085074098460929448e-01
1.991400000000000148e+01 1.664277743635825535e-01
1.993190990990991196e+01 2.520292556321304112e-01
1.994981981981981889e+01 3.768207856181992055e-01
1.996772972972972937e+01 5.562595590715047056e-01
1.998563963963963985e+01 8.107348956834660170e-01
2.000354954954955033e+01 1.166645709133750319e+00
2.002145945945945726e+01 1.657516469643028900e+00
2.003936936936936775e+01 2.325066931049098340e+00
2.005727927927927823e+01 3.220118165331474103e+00
2.007518918918918871e+01 4.403184677778781975e+00
2.009309909909909919e+01 5.944573972863579137e+00
2.011100900900900967e+01 7.923796492633808697e+00
2.012891891891892016e+01 1.042808669133150978e+01
2.014682882882883064e+01 1.354985648729476466e+01
2.016473873873874112e+01 1.738295078293494811e+01
2.018264864864864805e+01 2.201765428355916754e+01
2.020055855855855853e+01 2.753450913157170632e+01
2.021846846846846901e+01 3.399713904324333669e+01
2.023637837837837594e+01 4.144442770487276562e+01
2.025428828828828642e+01 4.988255212642798142e+01
2.027219819819819691e+01 5.927750635476262175e+01
2.029010810810810739e+01 6.954884612201864513e+01
2.030801801801801787e+01 8.056541990062515879e+01
2.032592792792792835e+01 9.214380952560227911e+01
2.034383783783783883e+01 1.040500742664738567e+02
2.036174774774774932e+01 1.160051762412017951e+02
2.037965765765765980e+01 1.276941743865835690e+02
2.039756756756756673e+01 1.387789327724595125e+02
2.041547747747747721e+01 1.489137309844593915e+02
2.043338738738738769e+01 1.577628302798232767e+02
2.045129729729729462e+01 1.650187813752376087e+02
2.046920720720720510e+01 1.704200957216436620e+02
2.048711711711711558e+01 1.737668693526121046e+02
2.050502702702702607e+01 1.749330592707190135e+02
2.052293693693693655e+01 1.738743615527177155e+02
2.054084684684684703e+01 1.706310047069388247e+02
2.055875675675675751e+01 1.653252127519880332e+02
2.057666666666666799e+01 1.581535610528304119e+02
2.059457657657657847e+01 1.493748914124110456e+02
2.061248648648648896e+01 1.392948219770454727e+02
2.063039639639639589e+01 1.282481429836365976e+02
2.064830630630630637e+01 1.165805072298329037e+02
2.066621621621621685e+01 1.046307981917398138e+02
2.068412612612612378e+01 9.271540054358911220e+01
2.070203603603603426e+01 8.111533421349385264e+01
2.071994594594594474e+01 7.006688133716194500e+01
2.073785585585585522e+01 5.975597760225828381e+01
2.075576576576576571e+01 5.031629638624690415e+01
2.077367567567567619e+01 4.183066030883255593e+01
2.079158558558558667e+01 3.433519483468905520e+01
2.080949549549549715e+01 2.782550498496910762e+01
2.082740540540540763e+01 2.226410984449343289e+01
2.084531531531531456e+01 1.758840105079931959e+01
2.086322522522522505e+01 1.371848416423236294e+01
2.088113513513513553e+01 1.056439510486218580e+01
2.089904504504504246e+01 8.032336366529412075e+00
2.091695495495495294e+01 6.029730214910400399e+00
2.093486486486486342e+01 4.469023290258341774e+00
2.095277477477477390e+01 3.270288727736478496e+00
2.097068468468468438e+01 2.362752979133790010e+00
2.098859459459459487e+01 1.685424427579293560e+00
2.100650450450450535e+01 1.187022609828897846e+00
2.102441441441441583e+01 8.254056570861368902e-01
2.104232432432432631e+01 5.666757570483200723e-01
2.106023423423423679e+01 3.841143821665699010e-01
2.107814414414414372e+01 2.570663588298606750e-01
2.109605405405405421e+01 1.698590404225056583e-01
2.111396396396396469e+01 1.108130297477302323e-01
2.113187387387387162e+01 7.137592252957435102e-02
2.114978378378378210e+01 4.539117055248703680e-02
2.116769369369369258e+01 2.850032241825418977e-02
2.118560360360360306e+01 1.766798029902356612e-02
2.120351351351351354e+01 1.081391078028684158e-02
2.122142342342342403e+01 6.534876742728541223e-03
2.123933333333333451e+01 3.898977794172784912e-03
2.125724324324324499e+01 2.296798342881319326e-03
2.127515315315315547e+01 1.335837760198257083e-03
2.129306306306306240e+01 7.670846938118822036e-04
2.131097297297297288e+01 4.349022947750182284e-04
2.132888288288288337e+01 2.434439444303811563e-04
2.134679279279279029e+01 1.345443928985419122e-04
2.136470270270270078e+01 7.341645386799944772e-05
2.138261261261261126e+01 3.955393270257837811e-05
2.140052252252252174e+01 2.104183480647242767e-05
2.141843243243243222e+01 1.105585083962224943e-05
2.143634234234234270e+01 5.743589623577793041e-06
2.145425225225225319e+01 2.962927068776439079e-06
2.147216216216216367e+01 1.543360151887941346e-06
2.149007207207207415e+01 8.618705995222624398e-07
2.150798198198198108e+01 6.061121410013083516e-07
2.152589189189189156e+01 6.496954490207215058e-07
2.154380180180180204e+01 9.975667588895786684e-07
2.156171171171170897e+01 1.781411641362159722e-06
2.157962162162161945e+01 3.300971762975745199e-06
2.159753153153152994e+01 6.121133930245070966e-06
2.161544144144144042e+01 1.124999175232123260e-05
2.163335135135135090e+01 2.044305427289265511e-05
2.165126126126126138e+01 3.670700842356481680e-05
2.166917117117117186e+01 6.511729193290449302e-05
2.168708108108108235e+01 1.141225711045012851e-04
2.170499099099099283e+01 1.975925706128582213e-04
2.172290090090090331e+01 3.379811848947494694e-04
2.174081081081081024e+01 5.711327166248087762e-04
2.175872072072072072e+01 9.534635483579367377e-04
2.177663063063063120e+01 1.572510938910020965e-03
2.179454054054053813e+01 2.562157234196121500e-03
2.181245045045044861e+01 4.124206492406416041e-03
2.183036036036035910e+01 6.558394637286040288e-03
2.184827027027026958e+01 1.030332053120898601e-02
2.186618018018018006e+01 1.599113892096712050e-02
2.188409009009009054e+01 2.451907613587313295e-02
2.190200000000000102e+01 3.714080639219190239e-02
2.191990990990991151e+01 5.558032423790600779e-02
2.193781981981982199e+01 8.217001074101316915e-02
2.195572972972972892e+01 1.200129557886481096e-01
2.197363963963963940e+01 1.731671227433458915e-01
2.199154954954954988e+01 2.468455318607775673e-01
2.200945945945945681e+01 3.476222934784343743e-01
2.202736936936936729e+01 4.836291742636830149e-01
2.204527927927927777e+01 6.647217394333628793e-01
2.206318918918918826e+01 9.025884966761336115e-01
2.208109909909909874e+01 1.210771602929294755e+00
2.209900900900900922e+01 1.604564500262096960e+00
2.211691891891891970e+01 2.100751358571307570e+00
2.213482882882883018e+01 2.717156462443053311e+00
2.215273873873874066e+01 3.471979576839206327e+00
2.217064864864865115e+01 4.382906410476516967e+00
2.218855855855855808e+01 5.466001580975752283e+00
2.220646846846846856e+01 6.734414281276465353e+00
2.222437837837837904e+01 8.196952650107260041e+00
2.224228828828828597e+01 9.856609340517954010e+00
2.226019819819819645e+01 1.170914494574733133e+01
2.227810810810810693e+01 1.374185434007291562e+01
2.229601801801801741e+01 1.593265015537279972e+01
2.231392792792792790e+01 1.824959454155090910e+01
2.233183783783783838e+01 2.065099304673404745e+01
2.234974774774774886e+01 2.308613237184040301e+01
2.236765765765765934e+01 2.549669818754854944e+01
2.238556756756756982e+01 2.781885336396765851e+01
2.240347747747747675e+01 2.998589583886265686e+01
2.242138738738738724e+01 3.193135524153429117e+01
2.243929729729729772e+01 3.359233520628915670e+01
2.245720720720720465e+01 3.491287068480648514e+01
2.247511711711711513e+01 3.584705192217840164e+01
2.249302702702702561e+01 3.636167246889286986e+01
2.251093693693693609e+01 3.643818838229119450e+01
2.252884684684684657e+01 3.607382744764510107e+01
2.254675675675675706e+01 3.528175590244840265e+01
2.256466666666666754e+01 3.409028868250079825e+01
2.258257657657657802e+01 3.254120924477582832e+01
2.260048648648648850e+01 3.068733798352044673e+01
2.261839639639639543e+01 2.858954648862125936e+01
2.263630630630630591e+01 2.631345264473293710e+01
2.265421621621621640e+01 2.392604567019017381e+01
2.267212612612612688e+01 2.149248037278344370e+01
2.269003603603603381e+01 1.907324866220711712e+01
2.270794594594594429e+01 1.672188850437233398e+01
2.272585585585585477e+01 1.448333234868556296e+01
2.274376576576576525e+01 1.239293552536313037e+01
2.276167567567567573e+01 1.047616679997142164e+01
2.277958558558558622e+01 8.748893692516206855e+00
2.279749549549549670e+01 7.218158178270085656e+00
2.281540540540540718e+01 5.883315938716495275e+00
2.283331531531531766e+01 4.737404492842976822e+00
2.285122522522522459e+01 3.768610768782461040e+00
2.286913513513513507e+01 2.961724258727971293e+00
2.288704504504504555e+01 2.299484470392196389e+00
2.290495495495495248e+01 1.763757444446260036e+00
2.292286486486486297e+01 1.336502450362239358e+00
2.294077477477477345e+01 1.000514021659447028e+00
2.295868468468468393e+01 7.399444551058325104e-01
2.297659459459459441e+01 5.406268131052309744e-01
2.299450450450450489e+01 3.902281213430723872e-01
2.301241441441441538e+01 2.782672304075155534e-01
2.303032432432432586e+01 1.960325045025798907e-01
2.304823423423423634e+01 1.364321213805394506e-01
2.306614414414414327e+01 9.380536899505735604e-02
2.308405405405405375e+01 6.371787459673727838e-02
2.310196396396396423e+01 4.275800031241550059e-02
2.311987387387387116e+01 2.834627603603953258e-02
2.313778378378378164e+01 1.856509425145804956e-02
2.315569369369369213e+01 1.201215217550432278e-02
2.317360360360360261e+01 7.678334237143129987e-03
2.319151351351351309e+01 4.848816190611449951e-03
2.320942342342342357e+01 3.025010941845942668e-03
2.322733333333333405e+01 1.864406889941855978e-03
2.324524324324324454e+01 1.135211989078480045e-03
2.326315315315315502e+01 6.828664243762166399e-04
2.328106306306306550e+01 4.058046980582142660e-04
2.329897297297297243e+01 2.382434131211513177e-04
2.331688288288288291e+01 1.381806573728571938e-04
2.333479279279279339e+01 7.917646852992491554e-05
2.335270270270270032e+01 4.481955297060555629e-05
2.337061261261261080e+01 2.506463787770319551e-05
2.338852252252252129e+01 1.384770710130936081e-05
2.340643243243243177e+01 7.558172926712306588e-06
2.342434234234234225e+01 4.075475622748489204e-06
2.344225225225225273e+01 2.171012360136636996e-06
2.346016216216216321e+01 1.142533158103625238e-06
2.347807207207207369e+01 5.940155995658992095e-07
2.349598198198198418e+01 3.051050585690991795e-07
2.351389189189189111e+01 1.548187250789358869e-07
2.353180180180180159e+01 7.761042932647613003e-08
2.354971171171171207e+01 3.843609034954011311e-08
2.356762162162161900e+01 1.880532510472163433e-08
2.358553153153152948e+01 9.089604914102488561e-09
2.360344144144143996e+01 4.340419322239189148e-09
2.362135135135135044e+01 2.047580053292298873e-09
2.363926126126126093e+01 9.542729485879170434e-10
2.365717117117117141e+01 4.393664143769033614e-10
2.367508108108108189e+01 1.998497547668175599e-10
2.369299099099099237e+01 8.980549355256521884e-11
2.371090090090090285e+01 3.986802380469298676e-11
2.372881081081080978e+01 1.748513679561260467e-11
2.374672072072072027e+01 7.575928730192050422e-12
2.376463063063063075e+01 3.242837951999026920e-12
2.378254054054054123e+01 1.371314708824373707e-12
2.380045045045044816e+01 5.728903969054126426e-13
2.381836036036035864e+01 2.364440959592721792e-13
2.383627027027026912e+01 9.640686373389146756e-14
2.385418018018017960e+01 3.883383030879303978e-14
2.387209009009009009e+01 1.545388275284700184e-14
2.389000000000000057e+01 6.075919137146567526e-15
2.390790990990991105e+01 2.361231025584765357e-15
2.392581981981982153e+01 9.110078051656550582e-16
2.394372972972973201e+01 3.629246605970938853e-16
2.396163963963963894e+01 1.966441534543662584e-16
2.397954954954954943e+01 2.785798024689105665e-16
2.399745945945945991e+01 7.866243823282589169e-16
2.401536936936936684e+01 2.520755342380649697e-15
2.403327927927927732e+01 8.071204110557828724e-15
2.405118918918918780e+01 2.542068026469586285e-14
2.406909909909909828e+01 7.861712911280869009e-14
2.408700900900900876e+01 2.386953463923728510e-13
2.410491891891891925e+01 7.114724057740292212e-13
2.412282882882882973e+01 2.081893208510333790e-12
2.414073873873874021e+01 5.980603291397114096e-12
2.415864864864865069e+01 1.686621718359889505e-11
2.417655855855855762e+01 4.669566078795088030e-11
2.419446846846846810e+01 1.269174993454019279e-10
2.421237837837837859e+01 3.386512100938124941e-10
2.423028828828828551e+01 8.870945294104571080e-10
2.424819819819819600e+01 2.281252271691838024e-09
2.426610810810810648e+01 5.759209428723904905e-09
2.428401801801801696e+01 1.427376600350222893e-08
2.430192792792792744e+01 3.472965093272348691e-08
2.431983783783783792e+01 8.295611550679640765e-08
2.433774774774774841e+01 1.945281878367792395e-07
2.435565765765765889e+01 4.478193121278256774e-07
2.437356756756756937e+01 1.012066943515222465e-06
2.439147747747747985e+01 2.245441813174834463e-06
2.440938738738738678e+01 4.890806887121101924e-06
2.442729729729729726e+01 1.045792128614423086e-05
2.444520720720720774e+01 2.195312581199481273e-05
2.446311711711711467e+01 4.524113667766764020e-05
2.448102702702702516e+01 9.152859454835959592e-05
2.449893693693693564e+01 1.817884235101090097e-04
2.451684684684684612e+01 3.544555633262541270e-04
2.453475675675675660e+01 6.784900997120670713e-04
2.455266666666666708e+01 1.275003499567362768e-03
2.457057657657657757e+01 2.352151997400387350e-03
2.458848648648648805e+01 4.259960111485713158e-03
2.460639639639639853e+01 7.574113807892450360e-03
2.462430630630630546e+01 1.322038992362370609e-02
2.464221621621621594e+01 2.265389308192240769e-02
2.466012612612612642e+01 3.810900172823723786e-02
2.467803603603603335e+01 6.293589934342877501e-02
2.469594594594594383e+01 1.020364773070948639e-01
2.471385585585585432e+01 1.624047079357539836e-01
2.473176576576576480e+01 2.537627762451697966e-01
2.474967567567567528e+01 3.892632131550157193e-01
2.476758558558558576e+01 5.861988382809656395e-01
2.478549549549549624e+01 8.666279423196138199e-01
2.480340540540540673e+01 1.257785448493746516e+00
2.482131531531531721e+01 1.792117944060409807e+00
2.483922522522522769e+01 2.506759991967923540e+00
2.485713513513513462e+01 3.442271055844582595e+00
2.487504504504504510e+01 4.640486564094887356e+00
2.489295495495495558e+01 6.141410370952377740e+00
2.491086486486486251e+01 7.979190991452501436e+00
2.492877477477477299e+01 1.017737429887602119e+01
2.494668468468468348e+01 1.274379502933311770e+01
2.496459459459459396e+01 1.566563315190062333e+01
2.498250450450450444e+01 1.890528683393753084e+01
2.500041441441441492e+01 2.239776757585598332e+01
2.501832432432432540e+01 2.605027668131985763e+01
2.503623423423423588e+01 2.974446015059957205e+01
2.505414414414414637e+01 3.334156536770461798e+01
2.507205405405405330e+01 3.669036436446979366e+01
2.508996396396396378e+01 3.963731312593564127e+01
2.510787387387387426e+01 4.203804728932993839e+01
2.512578378378378119e+01 4.376903839889353520e+01
2.514369369369369167e+01 4.473810868774287997e+01
2.516160360360360215e+01 4.489256077335296169e+01
2.517951351351351263e+01 4.422392473881543395e+01
2.519742342342342312e+01 4.276872754481468064e+01
2.521533333333333360e+01 4.060518751502297619e+01
2.523324324324324408e+01 3.784625014604942805e+01
2.525115315315315456e+01 3.462982801479360973e+01
2.526906306306306504e+01 3.110741749011672397e+01
2.528697297297297197e+01 2.743239496940547895e+01
2.530488288288288246e+01 2.374923562682519318e+01
2.532279279279279294e+01 2.018467177205884155e+01
2.534070270270269987e+01 1.684146592604114190e+01
2.535861261261261035e+01 1.379508034765340163e+01
2.537652252252252083e+01 1.109314581628739838e+01
2.539443243243243131e+01 8.757322694766527249e+00
2.541234234234234179e+01 6.786941856002863815e+00
2.543025225225225228e+01 5.163724318882890962e+00
2.544816216216216276e+01 3.856897626975332116e+00
2.546607207207207324e+01 2.828129677471709069e+00
2.548398198198198372e+01 2.035854192857316836e+00
2.550189189189189420e+01 1.438732871885390452e+00
2.551980180180180113e+01 9.981591817395017996e-01
2.553771171171171162e+01 6.798382405141438767e-01
2.555562162162162210e+01 4.545665951796124538e-01
2.557353153153152903e+01 2.983840395997483519e-01
2.559144144144143951e+01 1.922825199159009513e-01
2.560935135135134999e+01 1.216438522030162533e-01
2.562726126126126047e+01 7.554864313338700843e-02
2.564517117117117095e+01 4.606269212664814566e-02
2.566308108108108144e+01 2.757135490169839234e-02
2.568099099099099192e+01 1.620141865254261584e-02
2.569890090090090240e+01 9.346179647244844124e-03
2.571681081081081288e+01 5.292993352747928266e-03
2.573472072072071981e+01 2.942759135824723083e-03
2.575263063063063029e+01 1.606180055255938084e-03
2.577054054054054077e+01 8.606367459622620312e-04
2.578845045045044770e+01 4.527220891649605373e-04
2.580636036036035819e+01 2.337919908853193106e-04
2.582427027027026867e+01 1.185260243900211407e-04
2.584218018018017915e+01 5.899075434838545613e-05
2.586009009009008963e+01 2.882307594715515219e-05
2.587800000000000011e+01 1.382556366501183225e-05
2.589590990990991060e+01 6.510457539065980471e-06
2.591381981981982108e+01 3.009721559122981691e-06
2.593172972972973156e+01 1.365926314116541224e-06
2.594963963963964204e+01 6.085753648496532224e-07
2.596754954954954897e+01 2.661874700990733782e-07
2.598545945945945945e+01 1.143002007533081911e-07
2.600336936936936993e+01 4.818285409994445007e-08
2.602127927927928042e+01 1.993995594099649661e-08
2.603918918918918735e+01 8.101063026570888646e-09
2.605709909909909783e+01 3.231067059298407142e-09
2.607500900900900831e+01 1.265132686240172683e-09
2.609291891891891879e+01 4.863090203009578028e-10
2.611082882882882927e+01 1.835163310167913900e-10
2.612873873873873976e+01 6.798658936049805918e-11
2.614664864864864668e+01 2.472623176057613012e-11
2.616455855855855717e+01 8.828334104345916213e-12
2.618246846846846765e+01 3.094466100398298381e-12
2.620037837837837813e+01 1.064826479398669427e-12
2.621828828828828861e+01 3.597146282673871315e-13
2.623619819819819909e+01 1.192953457880815413e-13
2.625410810810810958e+01 3.883962654705636338e-14
2.627201801801801651e+01 1.241402839682606684e-14
2.628992792792792699e+01 3.895261044340999723e-15
2.630783783783783747e+01 1.199904120641089391e-15
2.632574774774774795e+01 3.628629825692009483e-16
2.634365765765765843e+01 1.077270906544203786e-16
2.636156756756756891e+01 3.139737502456883916e-17
2.637947747747747584e+01 8.983548022642147306e-18
2.639738738738738633e+01 2.523414481275597786e-18
2.641529729729729681e+01 6.958496808734951120e-19
2.643320720720720729e+01 1.883772348942118739e-19
2.645111711711711777e+01 5.006423071694871326e-20
2.646902702702702825e+01 1.306209447779202296e-20
2.648693693693693518e+01 3.345678751762745670e-21
2.650484684684684566e+01 8.412823928698375565e-22
2.652275675675675615e+01 2.076756150101986602e-22
2.654066666666666663e+01 5.032865853838726553e-23
2.655857657657657711e+01 1.197378204296878277e-23
2.657648648648648759e+01 2.796620173635600733e-24
2.659439639639639452e+01 6.412417162933277237e-25
2.661230630630630500e+01 1.443431549520280675e-25
2.663021621621621549e+01 3.189750861016399134e-26
2.664812612612612597e+01 6.919958295996521344e-27
2.666603603603603645e+01 1.473792475770563602e-27
2.668394594594594693e+01 3.081451501550199028e-28
2.670185585585585741e+01 6.324999313815167155e-29
2.671976576576576434e+01 1.274535019188263091e-29
2.673767567567567482e+01 2.521327186275668652e-30
2.675558558558558531e+01 4.896579213708538630e-31
2.677349549549549579e+01 9.335605832662306342e-32
2.679140540540540627e+01 1.747343837815461595e-32
2.680931531531531675e+01 3.210704840897026240e-33
2.682722522522522368e+01 5.791733058541366266e-34
2.684513513513513416e+01 1.025658621914094463e-34
2.686304504504504465e+01 1.783131110900915184e-35
2.688095495495495513e+01 3.043335721376981486e-36
2.689886486486486561e+01 5.099206431207307608e-37
2.691677477477477609e+01 8.387672562816306650e-38
2.693468468468468302e+01 1.354460943647805826e-38
2.695259459459459350e+01 2.147225464314007331e-39
2.697050450450450398e+01 3.341757683720243815e-40
2.698841441441441447e+01 5.105736594450188543e-41
2.700632432432432495e+01 7.658222855241316323e-42
2.702423423423423543e+01 1.127674445072700576e-42
2.704214414414414236e+01 1.630142691681751344e-43
2.706005405405405284e+01 2.313415536228721879e-44
2.707796396396396332e+01 3.223055755835111028e-45
2.709587387387387380e+01 4.408269457543052343e-46
2.711378378378378429e+01 5.919085206639302955e-47
2.713169369369369477e+01 7.802381734216525688e-48
2.714960360360360170e+01 1.009685085725960132e-48
2.716751351351351218e+01 1.282716945356541979e-49
2.718542342342342266e+01 1.599785907773592962e-50
2.720333333333333314e+01 1.958750163358714120e-51
2.722124324324324363e+01 2.354411490210701014e-52
2.723915315315315411e+01 2.778253278397657874e-53
2.725706306306306459e+01 3.218455038437024877e-54
2.727497297297297152e+01 3.660236954499136589e-55
2.729288288288288200e+01 4.086552667239996637e-56
2.731079279279279248e+01 4.479103969982152150e-57
2.732870270270270296e+01 4.819603716381976280e-58
2.734661261261261345e+01 5.091170736680222782e-59
2.736452252252252393e+01 5.279710830106271119e-60
2.738243243243243086e+01 5.375127323254459238e-61
2.740034234234234134e+01 5.372216659393612645e-62
2.741825225225225182e+01 5.271138487996830841e-63
2.743616216216216230e+01 5.077401159094668828e-64
2.745407207207207279e+01 4.801364456448022728e-65
2.747198198198198327e+01 4.457322036466647092e-66
2.748989189189189020e+01 4.062276644460416874e-67
2.750780180180180068e+01 3.634553979882721624e-68
2.752571171171171116e+01 3.192411707189147635e-69
2.754362162162162164e+01 2.752788277888579280e-70
2.756153153153153212e+01 2.330305551539103459e-71
2.757944144144144261e+01 1.936596191170096463e-72
2.759735135135134954e+01 1.579979386761578294e-73
2.761526126126126002e+01 1.265464343116434672e-74
2.763317117117117050e+01 9.950262732269081713e-76
2.765108108108108098e+01 7.680780037524668487e-77
2.766899099099099146e+01 5.820526243004835607e-78
2.768690090090090195e+01 4.330173715050947024e-79
2.770481081081080887e+01 3.162529106405380340e-80
2.772272072072071936e+01 2.267513529722555609e-81
2.774063063063062984e+01 1.596067987299887461e-82
2.775854054054054032e+01 1.102907349697745394e-83
2.777645045045045080e+01 7.481915840460475340e-85
2.779436036036036128e+01 4.982791910921922110e-86
2.781227027027027177e+01 3.257758050998343588e-87
2.783018018018017870e+01 2.090985623158328728e-88
2.784809009009008918e+01 1.317556994420121921e-89
2.786599999999999966e+01 8.150306084332545644e-91
